$ANSIBLE_VAULT;1.1;AES256
31353036363733383365633066663363363730396438633331626362616364333333363531306161
3631383930616362643435646333303834383733393863310a373965333330353438303661646436
31666137653531383033396539373566626232646465366165353935316265383532613130653932
3438373230313237640a333736353062326161346533356230306532366232653261623239663131
37613863353163386438383965386138363635313334313739666134323162316435643035643432
38316665353733663264316435663266313031346135373539616338663734393635353335396233
62373464636239346433383837366264373234623531316461623231383830393037613931633238
30373266303736623466636639636363633133306632366430393565356535383031616337313361
38653963336263653237623238333362633038383030653865656530656337363462376364616239
35383533343034633736656539356633333837643662363939386563383233656336613830343230
30373034313366653863633466386138653361326232663862333632323434363363336266663837
39343732663438323533643336313665326636333063613332316539336130316463373133346135
30623738633436303934383264336266373838316661343438646632663965386361303433303532
65316635306362373632316237613062386165363030386266376665316138343665633330663830
36643962663737313161663964623136353837306166633233333864373432313336373161663631
61393038656136656464616432346262393531616330376236386531396266623630303237303166
65326234646439353638323233373738623933313864633839303432353438373636646163323630
65303439373936646434346436313266333331353065626561353337396335646531616266623030
63663631616234383136623338373465333032656635353639353431343165346631316331363030
35643763653433336237373030346337663931653363333861656663643232666233396664363531
30373062613234313239336637636535393038653364663662613736623531616335376233333263
36303066666462663533393364633936346534633032623564646137383434366263386461383537
32653631363335616230643437323436376366346230343136306363643134393538373634666535
31366632343763663363
